0
0
0
1
1
2
3
4
5
7
9
11
14
16
19
23
26
30
33
37
41
45
50
54
59
64
69
74
79
84
90
95
101
107
112
118
124
130
136
143
149
155
162
169
176
183
190
197
204
211
219
226
233
241
249
256
264
272
280
287
295
303
312
320
328
336
346
353
362
371
379
388
397
406
415
424
433
442
451
461
470
479
489
498
508
517
527
536
546
556
566
575
585
596
606
616
626
636
647
657
668
678
689
699
710
721
732
742
753
764
775
786
797
808
819
830
841
853
864
875
887
899
910
922
934
946
958
970
982
994
1006
1018
1030
1042
1054
1066
1078
1090
1103
1115
1128
1140
1153
1165
1178
1191
1203
1216
1229
1242
1254
1267
1280
1293
1306
1319
1332
1345
1358
1371
1384
1397
1410
1423
1437
1450
1463
1477
1490
1503
1517
1531
1544
1558
1572
1585
1599
1613
1627
1640
1654
1668
1682
1696
1710
1724
1738
1752
1766
1780
1795
1809
1823
1837
1852
1866
1880
1895
1909
1924
1938
1953
1967
1982
1996
2011
2026
2040
2055
2070
2085
2099
2114
2129
2144
2159
2174
2189
2204
2219
2234
2249
2265
2280
2295
2310
2325
2341
2356
2371
2386
2402
2417
2432
2448
2463
2479
2494
2510
2525
2541
2557
2572
2588
2604
2620
2636
2651
2667
2683
2698
2714
2730
2746
2761
2777
2793
2809
2825
2841
2857
2873
2890
2906
2922
2938
2954
2970
2986
3003
3019
3035
3051
3067
3084
3100
3116
3133
3149
3166
3182
3198
3215
3231
3248
3264
3281
3297
3314
3331
3347
3364
3380
3397
3414
3430
3447
3464
3480
3497
3514
3531
3547
3564
3581
3598
3615
3632
3648
3665
3682
3699
3716
3733
3750
3767
3783
3800
3817
3834
3851
3868
3885
3902
3919
3937
3954
3971
3988
4005
4022
4039
4056
4074
4091
4108
4125
4142
4159
4177
4194
4211
4228
4246
4263
4280
4297
4315
4332
4349
4366
4384
4401
4416
4435
4453
4470
4488
4505
4523
4557
4557
4575
4593
4610
4628
4645
4663
4680
4697
4715
4732
4750
4767
4784
4802
4819
4836
4854
4871
4888
4906
4923
4941
4958
4975
4993
5010
5028
5045
5062
5080
5097
5114
5132
5149
5166
5183
5201
5218
5235
5252
5269
5286
5304
5321
5338
5355
5372
5389
5406
5423
5441
5458
5475
5492
5509
5526
5543
5560
5577
5594
5611
5628
5645
5662
5679
5696
5713
5730
5746
5763
5780
5797
5814
5830
5847
5864
5880
5897
5914
5931
5948
5964
5981
5998
6015
6031
6048
6065
6081
6098
6114
6131
6147
6164
6180
6196
6213
6229
6246
6262
6278
6295
6311
6327
6344
6360
6376
6392
6409
6425
6441
6457
6473
6490
6506
6522
6538
6554
6570
6586
6602
6618
6634
6650
6665
6681
6697
6713
6729
6744
6760
6776
6792
6807
6823
6839
6854
6870
6885
6901
6916
6932
6947
6962
6978
6993
7009
7024
7039
7055
7070
7085
7100
7116
7131
7146
7161
7176
7191
7206
7221
7236
7250
7266
7281
7296
7311
7326
7340
7355
7370
7384
7399
7414
7428
7443
7457
7472
7486
7501
7515
7530
7544
7558
7573
7584
7601
7616
7630
7644
7658
7672
7686
7700
7714
7728
7741
7755
7769
7783
7797
7810
7824
7838
7852
7865
7879
7893
7906
7917
7933
7946
7959
7973
7986
7999
8012
8026
8039
8052
8065
8078
8091
8104
8117
8130
8143
8156
8168
8181
8194
8207
8219
8232
8244
8257
8269
8282
8294
8306
8319
8331
8343
8355
8367
8379
8391
8403
8415
8427
8439
8451
8462
8474
8486
8496
8510
8521
8533
8545
8556
8568
8579
8590
8601
8612
8623
8634
8645
8655
8666
8677
8687
8698
8709
8719
8730
8741
8751
8761
8772
8782
8792
8802
8812
8822
8832
8842
8852
8862
8871
8881
8891
8900
8910
8919
8929
8938
8948
8957
8966
8975
8984
8993
9002
9011
9019
9028
9037
9045
9054
9062
9071
9079
9088
9095
9104
9112
9120
9128
9136
9143
9151
9159
9166
9174
9181
9188
9195
9203
9210
9217
9223
9230
9237
9244
9250
9257
9263
9270
9276
9282
9288
9294
9300
9305
9311
9316
9322
9327
9332
9337
9342
9347
9351
9356
9360
9364
9368
9372
9376
9379
9382
9385
9388
9391
9393
9395
9397
9398
9399
9400
9401
9402
9403